# Time-averaged data for fix ave_time
# TimeStep v_kinetic_energy v_potential_energy
5090 1.52684 11.4175
5100 1.50559 11.4095
5110 1.50717 11.4116
5120 1.49495 11.4111
5130 1.5245 11.4087
5140 1.50701 11.4066
5150 1.4981 11.4038
5160 1.51071 11.4053
5170 1.51556 11.4052
5180 1.50588 11.3988
5190 1.47026 11.3996
5200 1.51548 11.3987
5210 1.50617 11.4011
5220 1.50229 11.402
5230 1.49706 11.3984
5240 1.52087 11.4004
5250 1.47752 11.4006
5260 1.5073 11.4019
5270 1.50846 11.4013
5280 1.51363 11.3982
5290 1.50259 11.3977
5300 1.48029 11.3945
5310 1.52022 11.395
5320 1.48886 11.3982
5330 1.49791 11.3966
5340 1.50519 11.3978
5350 1.51389 11.397
5360 1.49225 11.3972
5370 1.51119 11.3955
5380 1.48674 11.3895
5390 1.50456 11.3845
5400 1.4923 11.3857
5410 1.52053 11.3794
5420 1.50999 11.3828
5430 1.48403 11.3852
5440 1.51186 11.3864
5450 1.51199 11.3854
5460 1.50238 11.3929
5470 1.49883 11.3914
5480 1.50118 11.3909
5490 1.49942 11.3893
5500 1.50814 11.39
5510 1.5014 11.3896
5520 1.52041 11.3866
5530 1.51835 11.3809
5540 1.50696 11.376
5550 1.50865 11.3777
5560 1.51207 11.3759
5570 1.4922 11.3827
5580 1.48815 11.382
5590 1.4835 11.3788
5600 1.49683 11.3821
5610 1.48842 11.3803
5620 1.50028 11.3816
5630 1.50475 11.3835
5640 1.51808 11.3848
5650 1.48793 11.3864
5660 1.51788 11.384
5670 1.46734 11.3885
5680 1.49039 11.394
5690 1.52551 11.4009
5700 1.49155 11.4017
5710 1.50582 11.4046
5720 1.53101 11.3985
5730 1.49144 11.3964
5740 1.49955 11.3947
5750 1.51692 11.3919
5760 1.5082 11.3951
5770 1.4964 11.3936
5780 1.49222 11.3927
5790 1.48026 11.3958
5800 1.46878 11.3978
5810 1.49237 11.399
5820 1.50917 11.3911
5830 1.50844 11.3871
5840 1.50505 11.3908
5850 1.4902 11.3921
5860 1.51712 11.3851
5870 1.48983 11.3855
5880 1.48741 11.3854
5890 1.49697 11.384
5900 1.48813 11.3799
5910 1.50325 11.3836
5920 1.48634 11.3852
5930 1.47542 11.3853
5940 1.49869 11.3876
5950 1.51508 11.3875
5960 1.50512 11.3875
5970 1.51615 11.3873
5980 1.48451 11.388
5990 1.50908 11.3944
6000 1.5121 11.3911
6010 1.4826 11.3879
6020 1.47845 11.3878
6030 1.49865 11.3892
6040 1.51013 11.3902
6050 1.48399 11.3925
6060 1.48196 11.3964
6070 1.51742 11.3976
6080 1.50704 11.4018
6090 1.47023 11.3998
6100 1.50141 11.3996
6110 1.50262 11.401
6120 1.50355 11.3983
6130 1.50158 11.3967
6140 1.50552 11.3951
6150 1.52116 11.392
6160 1.50813 11.3945
6170 1.49062 11.3923
6180 1.49825 11.3967
6190 1.49588 11.3947
6200 1.50698 11.3949
6210 1.4909 11.4021
6220 1.50441 11.4041
6230 1.486 11.4008
6240 1.52213 11.4023
6250 1.49282 11.4038
6260 1.50927 11.4008
6270 1.48899 11.4022
6280 1.49624 11.4077
6290 1.49739 11.4042
6300 1.52312 11.3991
6310 1.49822 11.3956
6320 1.51111 11.3971
6330 1.50543 11.4024
6340 1.48732 11.4037
6350 1.48369 11.4069
6360 1.50015 11.4122
6370 1.48144 11.413
6380 1.51316 11.4148
6390 1.50172 11.4122
6400 1.52422 11.4139
6410 1.48839 11.4088
6420 1.47809 11.4043
6430 1.50705 11.4062
6440 1.48571 11.41
6450 1.51063 11.4045
6460 1.47394 11.4027
6470 1.49013 11.3992
6480 1.50108 11.3935
6490 1.49938 11.3866
6500 1.50496 11.3907
6510 1.49031 11.3916
6520 1.47564 11.3931
6530 1.50724 11.387
6540 1.51351 11.3863
6550 1.50362 11.3896
6560 1.50376 11.3867
6570 1.5028 11.3871
6580 1.50879 11.3882
6590 1.53321 11.3955
6600 1.49151 11.3862
6610 1.49966 11.3813
6620 1.50203 11.3772
6630 1.4935 11.3837
6640 1.49829 11.3804
6650 1.51426 11.3849
6660 1.49752 11.3818
6670 1.50516 11.3839
6680 1.51752 11.386
6690 1.47642 11.3836
6700 1.4969 11.3791
6710 1.49824 11.3841
6720 1.50263 11.3871
6730 1.48243 11.3919
6740 1.50042 11.3936
6750 1.50699 11.3917
6760 1.50484 11.384
6770 1.46935 11.3796
6780 1.48736 11.3784
6790 1.50037 11.3789
6800 1.49864 11.3815
6810 1.50553 11.3805
6820 1.47867 11.3823
6830 1.49408 11.3871
6840 1.49437 11.3862
6850 1.49564 11.3928
6860 1.47908 11.3866
6870 1.5 11.3824
6880 1.50939 11.3798
6890 1.49192 11.3848
6900 1.49111 11.3876
6910 1.49751 11.3847
6920 1.4994 11.3853
6930 1.49641 11.383
6940 1.4947 11.3864
6950 1.4889 11.3929
6960 1.5019 11.3952
6970 1.49038 11.3969
6980 1.51047 11.3972
6990 1.4882 11.4017
7000 1.50779 11.3967
7010 1.49829 11.4039
7020 1.51936 11.4088
7030 1.50455 11.4048
7040 1.4988 11.406
7050 1.48861 11.4042
7060 1.49656 11.4072
7070 1.51845 11.4085
7080 1.52053 11.4036
7090 1.48167 11.4057
7100 1.4711 11.415
7110 1.49683 11.4115
7120 1.49489 11.4062
7130 1.50954 11.406
7140 1.50411 11.4058
7150 1.49128 11.3992
7160 1.49218 11.3993
7170 1.50484 11.4013
7180 1.48218 11.4058
7190 1.50563 11.4056
7200 1.50716 11.4017
7210 1.48617 11.4002
7220 1.48021 11.3962
7230 1.46896 11.3981
7240 1.50562 11.4023
7250 1.48945 11.4054
7260 1.51625 11.4069
7270 1.4942 11.4046
7280 1.51613 11.4002
7290 1.50904 11.3993
7300 1.48096 11.3974
7310 1.51423 11.3959
7320 1.48934 11.388
7330 1.47508 11.3908
7340 1.51026 11.3929
7350 1.50163 11.384
7360 1.49185 11.3833
7370 1.48645 11.384
7380 1.50646 11.3797
7390 1.50539 11.3799
7400 1.52426 11.3822
7410 1.51023 11.3868
7420 1.50806 11.388
7430 1.48991 11.3921
7440 1.50351 11.3865
7450 1.51637 11.3901
7460 1.5099 11.3906
7470 1.49974 11.3837
7480 1.50868 11.3847
7490 1.49818 11.3814
7500 1.51185 11.3756
7510 1.47732 11.376
7520 1.5032 11.3835
7530 1.51368 11.3828
7540 1.51012 11.3861
7550 1.49855 11.384
7560 1.50388 11.3859
7570 1.51344 11.3792
7580 1.49181 11.3791
7590 1.48766 11.3801
7600 1.49724 11.3823
7610 1.48939 11.3829
7620 1.50161 11.3876
7630 1.50509 11.3896
7640 1.49952 11.3887
7650 1.4919 11.3904
7660 1.49363 11.398
7670 1.50069 11.3941
7680 1.50064 11.3934
7690 1.52151 11.399
7700 1.51091 11.4002
7710 1.5025 11.3961
7720 1.51862 11.3937
7730 1.52486 11.3929
7740 1.49767 11.3896
7750 1.49975 11.3913
7760 1.50527 11.3881
7770 1.49701 11.3864
7780 1.49127 11.3815
7790 1.48677 11.3815
7800 1.50346 11.3881
7810 1.51065 11.3959
7820 1.49719 11.4052
7830 1.47486 11.4074
7840 1.494 11.4086
7850 1.48868 11.4116
7860 1.50613 11.4109
7870 1.50877 11.4112
7880 1.47792 11.418
7890 1.51059 11.4226
7900 1.51186 11.4184
7910 1.4839 11.4208
7920 1.50712 11.419
7930 1.48631 11.4223
7940 1.48412 11.4215
7950 1.5099 11.418
7960 1.48981 11.413
7970 1.50225 11.4156
7980 1.48562 11.411
7990 1.51501 11.4132
8000 1.50224 11.4094
8010 1.46965 11.4108
8020 1.49261 11.4145
8030 1.52153 11.4129
8040 1.49849 11.4119
8050 1.51679 11.4083
8060 1.51406 11.4109
8070 1.49835 11.4113
8080 1.50192 11.4116
8090 1.48852 11.4076
8100 1.49077 11.4044
8110 1.50624 11.4031
8120 1.51192 11.4054
8130 1.49761 11.4007
8140 1.49193 11.3948
8150 1.5039 11.3887
8160 1.49709 11.3892
8170 1.5083 11.3893
8180 1.48963 11.3901
8190 1.48885 11.3853
8200 1.49635 11.3854
8210 1.50211 11.3834
8220 1.48954 11.3819
8230 1.50385 11.3825
8240 1.45934 11.382
8250 1.51201 11.3797
8260 1.48169 11.3803
8270 1.50308 11.3763
8280 1.49444 11.3768
8290 1.50987 11.3773
8300 1.49451 11.3844
8310 1.52516 11.3891
8320 1.50256 11.3886
8330 1.50069 11.3929
8340 1.48723 11.398
8350 1.50419 11.4015
8360 1.50839 11.3972
8370 1.4959 11.3957
8380 1.52002 11.3945
8390 1.51469 11.3963
8400 1.51429 11.3932
8410 1.52267 11.3927
8420 1.49291 11.3963
8430 1.52219 11.3948
8440 1.48972 11.3946
8450 1.50152 11.3955
8460 1.50311 11.3902
8470 1.49631 11.3897
8480 1.51382 11.3906
8490 1.50089 11.3977
8500 1.48239 11.4058
8510 1.49837 11.412
8520 1.48105 11.4094
8530 1.50329 11.4126
8540 1.52002 11.4088
8550 1.4953 11.4034
8560 1.50457 11.4053
8570 1.50882 11.4081
8580 1.50715 11.4159
8590 1.49962 11.4118
8600 1.50954 11.4129
8610 1.50537 11.4067
8620 1.50302 11.4056
8630 1.50598 11.4013
8640 1.50463 11.3977
8650 1.50416 11.3959
8660 1.4834 11.4025
8670 1.50647 11.4049
8680 1.49085 11.4084
8690 1.49778 11.4146
8700 1.51406 11.4174
8710 1.49387 11.422
8720 1.48331 11.416
8730 1.49848 11.4117
8740 1.4927 11.4074
8750 1.49549 11.4137
8760 1.50137 11.408
8770 1.50759 11.4101
8780 1.50091 11.4153
8790 1.50135 11.4208
8800 1.52343 11.4182
8810 1.5101 11.4211
8820 1.50318 11.4195
8830 1.51411 11.4198
8840 1.50999 11.4166
8850 1.51758 11.4172
8860 1.49913 11.4214
8870 1.49879 11.4217
8880 1.49785 11.4208
8890 1.48013 11.4149
8900 1.48069 11.4182
8910 1.50134 11.4165
8920 1.49133 11.4194
8930 1.50989 11.4207
8940 1.47287 11.4225
8950 1.49619 11.4127
8960 1.5101 11.4108
8970 1.51079 11.4125
8980 1.50115 11.4159
8990 1.48627 11.4152
9000 1.50332 11.4167
9010 1.5075 11.4219
9020 1.49866 11.4138
9030 1.49982 11.4161
9040 1.50343 11.4189
9050 1.4914 11.4178
9060 1.50556 11.4146
9070 1.49442 11.4155
9080 1.51153 11.4168
9090 1.51521 11.4209
9100 1.51079 11.4197
9110 1.52437 11.4145
9120 1.50893 11.419
9130 1.48458 11.418
9140 1.50528 11.4133
9150 1.47662 11.408
9160 1.50168 11.4071
9170 1.50036 11.4108
9180 1.50563 11.4089
9190 1.48364 11.4113
9200 1.51743 11.4055
9210 1.49235 11.4107
9220 1.49553 11.4069
9230 1.47437 11.4048
9240 1.4943 11.4058
9250 1.49525 11.4061
9260 1.48898 11.4082
9270 1.5032 11.4105
9280 1.49616 11.412
9290 1.50486 11.4124
9300 1.5008 11.4131
9310 1.48261 11.4115
9320 1.50661 11.4079
9330 1.49143 11.4041
9340 1.50575 11.3955
9350 1.49862 11.3884
9360 1.49216 11.3853
9370 1.49892 11.3865
9380 1.5207 11.3892
9390 1.50867 11.3904
9400 1.49053 11.3925
9410 1.49318 11.3933
9420 1.50795 11.3943
9430 1.49933 11.3951
9440 1.50092 11.3929
9450 1.5161 11.3933
9460 1.4956 11.3914
9470 1.49254 11.3862
9480 1.49511 11.386
9490 1.49755 11.3813
9500 1.52999 11.3807
9510 1.50808 11.3821
9520 1.50221 11.3782
9530 1.51193 11.3798
9540 1.49219 11.3774
9550 1.48222 11.3773
9560 1.49509 11.3718
9570 1.50019 11.3718
9580 1.49098 11.3688
9590 1.51952 11.3675
9600 1.49694 11.3683
9610 1.51416 11.3651
9620 1.50581 11.3675
9630 1.49512 11.3709
9640 1.49662 11.3696
9650 1.4963 11.3691
9660 1.51101 11.3718
9670 1.49797 11.364
9680 1.51001 11.3657
9690 1.51946 11.3671
9700 1.49917 11.3664
9710 1.50568 11.3687
9720 1.52528 11.3691
9730 1.50388 11.3585
9740 1.48603 11.3566
9750 1.50294 11.3574
9760 1.50615 11.3556
9770 1.50184 11.3598
9780 1.51088 11.3665
9790 1.50662 11.369
9800 1.51342 11.3645
9810 1.49562 11.3638
9820 1.49993 11.3593
9830 1.51901 11.3552
9840 1.48689 11.361
9850 1.51037 11.3699
9860 1.49375 11.3655
9870 1.48518 11.3569
9880 1.51121 11.353
9890 1.48219 11.3524
9900 1.48479 11.3577
9910 1.50208 11.3535
9920 1.46366 11.3533
9930 1.50754 11.35
9940 1.5052 11.3465
9950 1.49147 11.3517
9960 1.49125 11.3603
9970 1.4981 11.3601
9980 1.50728 11.3624
9990 1.50951 11.3664
10000 1.5002 11.3634
10010 1.49265 11.3666
10020 1.51859 11.369
10030 1.50186 11.37
10040 1.50599 11.3689
10050 1.48835 11.3732
10060 1.50466 11.3729
10070 1.49182 11.37
10080 1.48114 11.3674
10090 1.48597 11.3594
10100 1.48125 11.3599
10110 1.51506 11.3619
10120 1.50265 11.3669
10130 1.48544 11.3738
10140 1.52399 11.3771
10150 1.5024 11.3719
10160 1.5013 11.3726
10170 1.50726 11.372
10180 1.49351 11.3724
10190 1.50775 11.3758
10200 1.48697 11.3798
10210 1.49862 11.3799
10220 1.50584 11.3763
10230 1.50341 11.3743
10240 1.50472 11.3703
10250 1.50135 11.3736
10260 1.49326 11.3758
10270 1.51815 11.3769
10280 1.49925 11.3756
10290 1.48932 11.3722
10300 1.51417 11.3686
10310 1.47824 11.3716
10320 1.50742 11.3805
10330 1.49236 11.3778
10340 1.51198 11.379
10350 1.50568 11.3794
10360 1.50885 11.3834
10370 1.47579 11.3789
10380 1.49253 11.3737
10390 1.51663 11.3781
10400 1.49971 11.3757
10410 1.4952 11.3726
10420 1.49731 11.3738
10430 1.50701 11.3752
10440 1.4757 11.3746
10450 1.49993 11.3701
10460 1.48026 11.3626
10470 1.49743 11.358
10480 1.48892 11.3591
10490 1.48067 11.3663
10500 1.51899 11.37
10510 1.49553 11.3746
10520 1.50744 11.3727
10530 1.47677 11.3742
10540 1.46965 11.3743
10550 1.50364 11.3723
10560 1.49183 11.3739
10570 1.51691 11.3683
10580 1.49351 11.3655
10590 1.52516 11.3678
10600 1.51026 11.3678
10610 1.48692 11.3644
10620 1.50582 11.3613
10630 1.48415 11.3591
10640 1.50904 11.3564
10650 1.50708 11.3548
10660 1.50202 11.3573
10670 1.49881 11.3569
10680 1.50122 11.3544
10690 1.48804 11.3594
10700 1.47959 11.3638
10710 1.50566 11.3585
10720 1.50158 11.3522
10730 1.48282 11.3484
10740 1.50786 11.3437
10750 1.48388 11.3496
10760 1.5095 11.3483
10770 1.50603 11.3444
10780 1.52387 11.3397
10790 1.50177 11.3471
10800 1.49839 11.3429
10810 1.50365 11.3496
10820 1.49718 11.3524
10830 1.50124 11.3555
10840 1.49647 11.3452
10850 1.51322 11.3454
10860 1.49728 11.3489
10870 1.50618 11.352
10880 1.48646 11.3528
10890 1.46454 11.3444
10900 1.48184 11.3489
10910 1.4996 11.3492
10920 1.48791 11.3529
10930 1.48491 11.3558
10940 1.50655 11.3548
10950 1.52401 11.3535
10960 1.51209 11.3529
10970 1.5106 11.3484
10980 1.49327 11.3458
10990 1.50556 11.3526
11000 1.49318 11.3481
11010 1.49002 11.3469
11020 1.52114 11.3509
11030 1.49184 11.3609
11040 1.50797 11.3627
11050 1.51529 11.3595
11060 1.50942 11.3577
11070 1.5041 11.3522
11080 1.49443 11.3507
11090 1.49861 11.3514
11100 1.49193 11.3527
11110 1.51077 11.3516
11120 1.48987 11.3537
11130 1.48769 11.3531
11140 1.48036 11.3512
11150 1.50053 11.3463
11160 1.49291 11.3546
11170 1.51746 11.3478
11180 1.51387 11.3474
11190 1.47503 11.3462
11200 1.48569 11.3449
11210 1.50749 11.3432
11220 1.48536 11.3431
11230 1.5258 11.3418
11240 1.50686 11.3427
11250 1.4902 11.3422
11260 1.48679 11.3429
11270 1.48921 11.3452
11280 1.4894 11.3523
11290 1.49898 11.3505
11300 1.48985 11.3607
11310 1.51983 11.3613
11320 1.49775 11.3631
11330 1.48941 11.3629
11340 1.47039 11.3682
11350 1.49063 11.3665
11360 1.51099 11.3703
11370 1.51474 11.3653
11380 1.50754 11.3671
11390 1.49923 11.3682
11400 1.50462 11.3641
11410 1.46726 11.3632
11420 1.50493 11.3701
11430 1.49134 11.3683
11440 1.50347 11.3688
11450 1.50728 11.3687
11460 1.50366 11.3644
11470 1.50239 11.3682
11480 1.48847 11.364
11490 1.52033 11.3654
11500 1.46838 11.368
11510 1.48364 11.3698
11520 1.49507 11.3672
11530 1.49256 11.3713
11540 1.51215 11.3698
11550 1.48961 11.3764
11560 1.53177 11.3745
11570 1.49394 11.3788
11580 1.49744 11.3812
11590 1.50388 11.3812
11600 1.4998 11.38
11610 1.51347 11.3721
11620 1.50751 11.3773
11630 1.49812 11.3827
11640 1.47476 11.3856
11650 1.51369 11.3876
11660 1.49761 11.3832
11670 1.48862 11.3814
11680 1.48762 11.3795
11690 1.51843 11.3785
11700 1.4972 11.3787
11710 1.50242 11.3763
11720 1.48906 11.3719
11730 1.49421 11.3668
11740 1.50109 11.3566
11750 1.48037 11.3534
11760 1.51296 11.3478
11770 1.4904 11.3511
11780 1.4812 11.3443
11790 1.51626 11.357
11800 1.48865 11.3679
11810 1.49735 11.3738
11820 1.50542 11.37
11830 1.50001 11.3671
11840 1.49535 11.3694
11850 1.5005 11.3688
11860 1.5221 11.372
11870 1.48921 11.3712
11880 1.48909 11.3621
11890 1.50674 11.3599
11900 1.50103 11.359
11910 1.52208 11.3616
11920 1.50981 11.3577
11930 1.46764 11.3611
11940 1.4843 11.3546
11950 1.50076 11.3508
11960 1.51056 11.349
11970 1.48341 11.3484
11980 1.50563 11.3577
11990 1.5074 11.361
12000 1.49522 11.3625
12010 1.49324 11.3617
12020 1.51983 11.3584
12030 1.49547 11.359
12040 1.50046 11.371
12050 1.49851 11.3716
12060 1.48103 11.3802
12070 1.4905 11.3864
12080 1.50686 11.3818
12090 1.4949 11.3819
12100 1.4892 11.3939
12110 1.47872 11.3912
12120 1.50463 11.3938
12130 1.50879 11.3879
12140 1.49578 11.3879
12150 1.48702 11.3882
12160 1.50866 11.3892
12170 1.50573 11.3865
12180 1.51758 11.388
12190 1.49028 11.3908
12200 1.50019 11.3939
12210 1.49738 11.3874
12220 1.50583 11.391
12230 1.50021 11.3856
12240 1.48074 11.3799
12250 1.52603 11.3729
12260 1.51954 11.3725
12270 1.48694 11.3605
12280 1.51563 11.3542
12290 1.51184 11.354
12300 1.52357 11.3615
12310 1.49549 11.3641
12320 1.49364 11.3623
12330 1.5125 11.3643
12340 1.5203 11.3667
12350 1.50803 11.3636
12360 1.50461 11.3587
12370 1.48929 11.3662
12380 1.47144 11.3721
12390 1.52941 11.3695
12400 1.47331 11.3706
12410 1.48955 11.3726
12420 1.49085 11.3708
12430 1.51336 11.37
12440 1.51867 11.3702
12450 1.48963 11.3634
12460 1.50156 11.3526
12470 1.53375 11.3508
12480 1.50187 11.3457
12490 1.4993 11.3425
12500 1.51355 11.3406
12510 1.49424 11.3522
12520 1.50904 11.3507
12530 1.49824 11.354
12540 1.49084 11.3578
12550 1.47839 11.3581
12560 1.51022 11.3525
12570 1.49017 11.3504
12580 1.4932 11.3531
12590 1.49163 11.3481
12600 1.50667 11.3473
12610 1.4911 11.34
12620 1.48981 11.3403
12630 1.50438 11.3359
12640 1.509 11.3347
12650 1.50737 11.3374
12660 1.49175 11.331
12670 1.48984 11.3268
12680 1.51388 11.3207
12690 1.51824 11.3183
12700 1.49809 11.32
12710 1.49629 11.3186
12720 1.49324 11.3166
12730 1.48914 11.3222
12740 1.50445 11.333
12750 1.50416 11.334
12760 1.49138 11.3401
12770 1.47536 11.3416
12780 1.4915 11.3434
12790 1.49203 11.3397
12800 1.50016 11.344
12810 1.50053 11.3435
12820 1.49036 11.3498
12830 1.48888 11.3452
12840 1.49109 11.3432
12850 1.51174 11.3411
12860 1.48339 11.3395
12870 1.505 11.334
12880 1.50689 11.34
12890 1.48277 11.3416
12900 1.51155 11.3314
12910 1.51166 11.3297
12920 1.48729 11.33
12930 1.50152 11.3323
12940 1.51238 11.335
12950 1.48332 11.3413
12960 1.48378 11.3472
12970 1.49141 11.3502
12980 1.51232 11.3504
12990 1.48386 11.3506
13000 1.49726 11.3562
13010 1.49164 11.3572
13020 1.50663 11.3555
13030 1.49875 11.3554
13040 1.49584 11.3551
13050 1.5272 11.3556
13060 1.4891 11.351
13070 1.50463 11.3537
13080 1.50613 11.3534
13090 1.50031 11.3576
13100 1.50762 11.3578
13110 1.49392 11.3581
13120 1.50314 11.3568
13130 1.5044 11.3617
13140 1.48234 11.3599
13150 1.47521 11.3625
13160 1.50043 11.3616
13170 1.48949 11.361
13180 1.51841 11.3636
13190 1.48046 11.365
13200 1.49002 11.3688
13210 1.50331 11.3746
13220 1.50585 11.3762
13230 1.52444 11.376
13240 1.48841 11.3773
13250 1.5136 11.3762
13260 1.49698 11.3725
13270 1.50599 11.3723
13280 1.50861 11.3691
13290 1.50189 11.3746
13300 1.51484 11.3752
13310 1.49955 11.3783
13320 1.52937 11.3803
13330 1.50728 11.3727
13340 1.48897 11.3655
13350 1.51068 11.3606
13360 1.50752 11.3572
13370 1.50401 11.3508
13380 1.52515 11.3495
13390 1.4909 11.3619
13400 1.48719 11.362
13410 1.48847 11.3635
13420 1.51316 11.3611
13430 1.51142 11.3568
13440 1.48973 11.3563
13450 1.50108 11.3639
13460 1.4878 11.3632
13470 1.50838 11.3654
13480 1.4961 11.373
13490 1.49826 11.3744
13500 1.50202 11.3687
13510 1.51026 11.3669
13520 1.49195 11.3606
13530 1.4613 11.3524
13540 1.49748 11.3492
13550 1.49721 11.3493
13560 1.4918 11.355
13570 1.51104 11.3578
13580 1.49349 11.3609
13590 1.49452 11.3617
13600 1.49888 11.3585
13610 1.52774 11.3528
13620 1.51288 11.3544
13630 1.51678 11.3509
13640 1.50058 11.3517
13650 1.47902 11.3454
13660 1.48523 11.349
13670 1.52941 11.3533
13680 1.52198 11.3555
13690 1.47898 11.3574
13700 1.51801 11.3576
13710 1.50749 11.3583
13720 1.5021 11.3597
13730 1.50288 11.3591
13740 1.4919 11.3512
13750 1.49695 11.3533
13760 1.52348 11.3538
13770 1.50645 11.3589
13780 1.52899 11.3625
13790 1.49038 11.3676
13800 1.48945 11.3612
13810 1.50504 11.3675
13820 1.49051 11.3654
13830 1.50833 11.3666
13840 1.52036 11.3618
13850 1.50439 11.3621
13860 1.51105 11.3572
13870 1.4846 11.3561
13880 1.48325 11.3549
13890 1.48815 11.3568
13900 1.49042 11.357
13910 1.52486 11.3578
13920 1.50112 11.3618
13930 1.50691 11.3621
13940 1.4802 11.3581
13950 1.48215 11.36
13960 1.48282 11.3624
13970 1.49686 11.3644
13980 1.50522 11.3694
13990 1.49166 11.3674
14000 1.51317 11.3659
14010 1.49687 11.3657
14020 1.4929 11.3721
14030 1.5007 11.3741
14040 1.5132 11.3728
14050 1.50656 11.366
14060 1.49338 11.366
14070 1.51973 11.371
14080 1.48762 11.369
14090 1.48592 11.3676
14100 1.50721 11.3647
14110 1.49605 11.3661
14120 1.51427 11.364
14130 1.48607 11.3642
14140 1.51595 11.3648
14150 1.51366 11.3717
14160 1.50421 11.3717
14170 1.51647 11.3658
14180 1.5098 11.3638
14190 1.51477 11.3636
14200 1.54803 11.3752
14210 1.50011 11.3804
14220 1.49835 11.3847
14230 1.49955 11.3786
14240 1.50609 11.3752
14250 1.48115 11.3782
14260 1.48329 11.3732
14270 1.49374 11.3798
14280 1.51092 11.3819
14290 1.52801 11.3855
14300 1.49983 11.3853
14310 1.47493 11.3898
14320 1.51095 11.3875
14330 1.53206 11.3782
14340 1.52368 11.3731
14350 1.483 11.3738
14360 1.50539 11.3705
14370 1.48915 11.3682
14380 1.51705 11.3684
14390 1.50297 11.3633
14400 1.49274 11.3641
14410 1.48964 11.3727
14420 1.52634 11.3744
14430 1.5111 11.3711
14440 1.50871 11.3734
14450 1.49265 11.3686
14460 1.49473 11.3642
14470 1.48484 11.3703
14480 1.49822 11.3673
14490 1.48588 11.3682
14500 1.48868 11.3694
14510 1.51684 11.3656
14520 1.47814 11.3609
14530 1.48303 11.3592
14540 1.49759 11.3502
14550 1.49708 11.3519
14560 1.52237 11.348
14570 1.50358 11.3527
14580 1.50351 11.3455
14590 1.49066 11.3484
14600 1.49453 11.3453
14610 1.51857 11.3464
14620 1.5089 11.3422
14630 1.49814 11.3403
14640 1.49593 11.3397
14650 1.49664 11.3342
14660 1.52197 11.3429
14670 1.49125 11.3461
14680 1.48289 11.3469
14690 1.49359 11.3477
14700 1.49544 11.3501
14710 1.50063 11.3554
14720 1.51347 11.356
14730 1.49817 11.3575
14740 1.50579 11.3566
14750 1.49937 11.3574
14760 1.51631 11.3599
14770 1.48957 11.362
14780 1.49889 11.3678
14790 1.48593 11.37
14800 1.50416 11.3728
14810 1.48587 11.371
14820 1.5021 11.375
14830 1.50322 11.3708
14840 1.5053 11.3727
14850 1.51424 11.3718
14860 1.50195 11.3708
14870 1.50712 11.3676
14880 1.50645 11.3649
14890 1.48208 11.3653
14900 1.4962 11.3678
14910 1.51993 11.3705
14920 1.50158 11.3747
14930 1.51736 11.3789
14940 1.50363 11.3797
14950 1.51963 11.3822
14960 1.51281 11.3761
14970 1.4989 11.3726
14980 1.49164 11.3742
14990 1.51017 11.3738
15000 1.50258 11.3771
15010 1.51471 11.3729
15020 1.51342 11.3807
15030 1.49978 11.3842
15040 1.50184 11.3779
15050 1.49602 11.3719
15060 1.50802 11.3703
15070 1.48734 11.3741
15080 1.4682 11.3754
